0,508
0,542
0,456
103,80
0,311
0,306
0,305
0,304
103,79
0,298
0,297
0,296
0,292
0,291
0,289
103,78
0,551
103,77
0,288
0,286
0,283
0,281
0,280
0,279
0,447
103,76
0,446
0,444
0,443
0,441
0,435
0,430
0,563
0,570
0,427
0,476
0,425
0,424
338,35
0,421
0,420
0,418
103,13
103,12
103,10
103,9
103,6
103,3
0,412
36,6
36,1
36,3
0,409
0,407
0,405
214,1
214,3
32,5
32,1
32,3
43,4
43,1
43,3
27,3
14,10
0,273
0,270
0,544
14,9
3,2
3,1
3,3
10,150
10,100
10,82
10,288
10,74
10,128
10,294
10,92
11,17
11,13
11,22
11,11
11,28
11,29
9,4
9,6
8,11
8,18
8,13
12,2
12,1
12,3
19,2
19,1
19,3
259,590
259,589
259,588
259,587
259,586
259,585
259,584
259,583
259,582
259,581
259,580
259,579
259,578
259,577
259,576
259,575
259,574
259,573
259,572
259,571
259,570
259,569
259,568
259,567
259,566
259,565
259,564
259,563
259,562
259,561
259,560
259,559
259,558
259,557
259,556
259,555
259,554
259,553
259,552
259,551
259,550
259,549
259,548
259,547
259,546
259,545
259,544
259,1
223,5
223,4
223,3
223,2
223,1
217,3
217,1
215,4
215,1
215,3
